# En(eV) DeltaL(m)
0.000101165  0.113801
0.000103521  0.114001
0.000105932  0.114201
0.0001084  0.114401
0.000110925  0.114601
0.000113509  0.114801
0.000116153  0.115001
0.000118858  0.115201
0.000121627  0.115401
0.00012446  0.115601
0.000127359  0.115801
0.000130325  0.116001
0.000133361  0.116201
0.000136467  0.116401
0.000139646  0.116601
0.000142899  0.116801
0.000146227  0.117001
0.000149633  0.117201
0.000153119  0.117401
0.000156685  0.117601
0.000160335  0.117801
0.00016407  0.118001
0.000167892  0.118201
0.000171802  0.118401
0.000175804  0.118601
0.000179899  0.118801
0.000184089  0.119001
0.000188377  0.119201
0.000192765  0.119401
0.000197255  0.119601
0.00020185  0.119801
0.000206552  0.120001
0.000211363  0.120201
0.000216286  0.120401
0.000221324  0.120601
0.000226479  0.120801
0.000231755  0.121001
0.000237153  0.121201
0.000242677  0.121401
0.00024833  0.121601
0.000254114  0.121801
0.000260033  0.122001
0.00026609  0.122201
0.000272288  0.122401
0.000278631  0.122601
0.000285121  0.122801
0.000291762  0.123001
0.000298558  0.123201
0.000305512  0.1234
0.000312629  0.1236
0.000319911  0.1238
0.000327362  0.124
0.000334988  0.1242
0.000342791  0.1244
0.000350775  0.1246
0.000358946  0.1248
0.000367307  0.125
0.000375862  0.1252
0.000384617  0.125401
0.000393576  0.125601
0.000402744  0.125801
0.000412125  0.126001
0.000421724  0.126201
0.000431548  0.126401
0.0004416  0.126601
0.000451886  0.126801
0.000462412  0.127001
0.000473183  0.127201
0.000484204  0.127401
0.000495483  0.127601
0.000507024  0.127801
0.000518834  0.128001
0.00053092  0.1282
0.000543286  0.1284
0.000555941  0.128599
0.000568891  0.128799
0.000582142  0.128998
0.000595702  0.129198
0.000609577  0.129398
0.000623776  0.129598
0.000638306  0.129798
0.000653174  0.129998
0.000668388  0.130199
0.000683957  0.130399
0.000699888  0.130601
0.000716191  0.130802
0.000732873  0.131004
0.000749944  0.131205
0.000767412  0.131407
0.000785288  0.131608
0.000803579  0.131809
0.000822297  0.13201
0.000841451  0.13221
0.000861051  0.132409
0.000881107  0.132607
0.000901631  0.132805
0.000922633  0.133001
0.000944123  0.133196
0.000966115  0.133389
0.000988619  0.133582
0.00101165  0.133774
0.00103521  0.133966
0.00105932  0.134159
0.001084  0.134353
0.00110925  0.134549
0.00113509  0.134746
0.00116153  0.134947
0.00118858  0.135151
0.00121627  0.135358
0.0012446  0.135569
0.00127359  0.135786
0.00130325  0.136007
0.00133361  0.136234
0.00136467  0.136465
0.00139646  0.136703
0.00142899  0.136945
0.00146227  0.137193
0.00149633  0.137446
0.00153119  0.137705
0.00156685  0.137969
0.00160335  0.138239
0.0016407  0.138514
0.00167892  0.138795
0.00171802  0.139081
0.00175804  0.139372
0.00179899  0.139668
0.00184089  0.139965
0.00188377  0.140263
0.00192765  0.140559
0.00197255  0.140851
0.0020185  0.141139
0.00206552  0.14142
0.00211363  0.141692
0.00216286  0.141953
0.00221324  0.142203
0.00226479  0.142438
0.00231755  0.142657
0.00237153  0.142859
0.00242677  0.143043
0.0024833  0.143206
0.00254114  0.14335
0.00260033  0.143471
0.0026609  0.14357
0.00272288  0.143646
0.00278631  0.143697
0.00285121  0.143723
0.00291762  0.143722
0.00298558  0.143694
0.00305512  0.143637
0.00312629  0.143551
0.00319911  0.143435
0.00327362  0.143289
0.00334988  0.143114
0.00342791  0.142911
0.00350775  0.14268
0.00358946  0.142422
0.00367307  0.142138
0.00375862  0.141828
0.00384617  0.141493
0.00393576  0.141134
0.00402744  0.140751
0.00412125  0.140345
0.00421724  0.139917
0.00431548  0.139467
0.004416  0.138997
0.00451886  0.138508
0.00462412  0.138001
0.00473183  0.137477
0.00484204  0.136938
0.00495483  0.136384
0.00507024  0.135818
0.00518834  0.135239
0.0053092  0.13465
0.00543286  0.134052
0.00555941  0.133445
0.00568891  0.132832
0.00582142  0.132212
0.00595702  0.131588
0.00609577  0.130958
0.00623776  0.130325
0.00638306  0.129688
0.00653174  0.129048
0.00668388  0.128405
0.00683957  0.127761
0.00699888  0.127115
0.00716191  0.126468
0.00732873  0.125821
0.00749944  0.125174
0.00767412  0.124528
0.00785288  0.123883
0.00803579  0.123239
0.00822297  0.122596
0.00841451  0.121954
0.00861051  0.121313
0.00881107  0.120673
0.00901631  0.120033
0.00922633  0.119393
0.00944123  0.118754
0.00966115  0.118115
0.00988619  0.117476
0.0101165  0.116837
0.0103521  0.116198
0.0105932  0.115559
0.01084  0.114919
0.0110925  0.11428
0.0113509  0.11364
0.0116153  0.113
0.0118858  0.11236
0.0121627  0.11172
0.012446  0.111079
0.0127359  0.110439
0.0130325  0.109799
0.0133361  0.109159
0.0136467  0.108518
0.0139646  0.107878
0.0142899  0.107238
0.0146227  0.106598
0.0149633  0.105958
0.0153119  0.105318
0.0156685  0.104679
0.0160335  0.104039
0.016407  0.103399
0.0167892  0.102759
0.0171802  0.102119
0.0175804  0.101479
0.0179899  0.100839
0.0184089  0.100199
0.0188377  0.0995582
0.0192765  0.0989176
0.0197255  0.0982769
0.020185  0.0976362
0.0206552  0.0969955
0.0211363  0.0963548
0.0216286  0.0957142
0.0221324  0.0950739
0.0226479  0.0944337
0.0231755  0.0937938
0.0237153  0.0931543
0.0242677  0.0925151
0.024833  0.0918764
0.0254114  0.0912382
0.0260033  0.0906005
0.026609  0.0899631
0.0272288  0.0893259
0.0278631  0.0886887
0.0285121  0.0880512
0.0291762  0.0874132
0.0298558  0.0867746
0.0305512  0.0861352
0.0312629  0.0854947
0.0319911  0.0848529
0.0327362  0.0842097
0.0334988  0.0835649
0.0342791  0.0829181
0.0350775  0.0822695
0.0358946  0.0816194
0.0367307  0.0809684
0.0375862  0.0803172
0.0384617  0.0796663
0.0393576  0.0790163
0.0402744  0.0783679
0.0412125  0.0777216
0.0421724  0.0770781
0.0431548  0.0764379
0.04416  0.0758016
0.0451886  0.0751698
0.0462412  0.0745432
0.0473183  0.0739224
0.0484204  0.0733084
0.0495483  0.0727024
0.0507024  0.0721054
0.0518834  0.0715186
0.053092  0.0709431
0.0543286  0.07038
0.0555941  0.0698304
0.0568891  0.0692953
0.0582142  0.0687761
0.0595702  0.0682736
0.0609577  0.0677891
0.0623776  0.0673237
0.0638306  0.0668781
0.0653174  0.0664518
0.0668388  0.066044
0.0683957  0.0656539
0.0699888  0.0652806
0.0716191  0.0649233
0.0732873  0.0645811
0.0749944  0.0642532
0.0767412  0.0639388
0.0785288  0.0636371
0.0803579  0.0633471
0.0822297  0.0630681
0.0841451  0.0627992
0.0861051  0.0625397
0.0881107  0.0622887
0.0901631  0.0620457
0.0922633  0.0618099
0.0944123  0.0615806
0.0966115  0.0613572
0.0988619  0.0611389
0.101165  0.0609251
0.103521  0.060715
0.105932  0.060508
0.1084  0.0603034
0.110925  0.0601005
0.113509  0.0598986
0.116153  0.0596972
0.118858  0.0594969
0.121627  0.0592982
0.12446  0.0591018
0.127359  0.0589085
0.130325  0.058719
0.133361  0.0585337
0.136467  0.0583536
0.139646  0.0581792
0.142899  0.0580112
0.146227  0.0578504
0.149633  0.0576973
0.153119  0.0575527
0.156685  0.0574171
0.160335  0.057291
0.16407  0.0571746
0.167892  0.0570683
0.171802  0.0569724
0.175804  0.0568871
0.179899  0.0568129
0.184089  0.0567499
0.188377  0.0566985
0.192765  0.0566591
0.197255  0.0566319
0.20185  0.0566172
0.206552  0.0566153
0.211363  0.0566265
0.216286  0.0566505
0.221324  0.0566869
0.226479  0.0567355
0.231755  0.0567959
0.237153  0.0568678
0.242677  0.0569507
0.24833  0.0570445
0.254114  0.0571487
0.260033  0.0572631
0.26609  0.0573872
0.272288  0.0575208
0.278631  0.0576635
0.285121  0.0578149
0.291762  0.0579744
0.298558  0.0581416
0.305512  0.0583156
0.312629  0.0584959
0.319911  0.058682
0.327362  0.0588731
0.334988  0.0590687
0.342791  0.0592682
0.350775  0.0594709
0.358946  0.0596762
0.367307  0.0598835
0.375862  0.0600923
0.384617  0.0603018
0.393576  0.0605116
0.402744  0.0607213
0.412125  0.0609303
0.421724  0.0611381
0.431548  0.0613443
0.4416  0.0615483
0.451886  0.0617497
0.462412  0.061948
0.473183  0.0621428
0.484204  0.0623334
0.495483  0.0625195
0.507024  0.0627005
0.518834  0.0628761
0.53092  0.0630459
0.543286  0.0632097
0.555941  0.0633674
0.568891  0.0635187
0.582142  0.0636635
0.595702  0.0638015
0.609577  0.0639324
0.623776  0.0640562
0.638306  0.0641726
0.653174  0.0642814
0.668388  0.0643823
0.683957  0.0644753
0.699888  0.06456
0.716191  0.064637
0.732873  0.0647064
0.749944  0.0647688
0.767412  0.0648245
0.785288  0.0648739
0.803579  0.0649173
0.822297  0.0649553
0.841451  0.064988
0.861051  0.065016
0.881107  0.0650395
0.901631  0.0650591
0.922633  0.065075
0.944123  0.0650877
0.966115  0.0650974
0.988619  0.0651043
1.01165  0.0651087
1.03521  0.0651109
1.05932  0.065111
1.084  0.0651093
1.10925  0.065106
1.13509  0.0651015
1.16153  0.0650958
1.18858  0.0650894
1.21627  0.0650824
1.2446  0.065075
1.27359  0.0650674
1.30325  0.0650593
1.33361  0.0650503
1.36467  0.0650401
1.39646  0.0650281
1.42899  0.0650141
1.46227  0.0649976
1.49633  0.0649783
1.53119  0.0649557
1.56685  0.0649294
1.60335  0.0648992
1.6407  0.0648644
1.67892  0.0648249
1.71802  0.0647801
1.75804  0.06473
1.79899  0.0646743
1.84089  0.0646129
1.88377  0.0645456
1.92765  0.0644722
1.97255  0.0643926
2.0185  0.0643066
2.06552  0.064214
2.11363  0.0641147
2.16286  0.0640085
2.21324  0.0638952
2.26479  0.0637746
2.31755  0.0636468
2.37153  0.0635119
2.42677  0.0633703
2.4833  0.0632226
2.54114  0.0630689
2.60033  0.0629097
2.6609  0.0627455
2.72288  0.0625765
2.78631  0.0624032
2.85121  0.062226
2.91762  0.0620452
2.98558  0.0618612
3.05512  0.0616744
3.12629  0.0614852
3.19911  0.0612938
3.27362  0.0611004
3.34988  0.0609052
3.42791  0.0607083
3.50775  0.06051
3.58946  0.0603106
3.67307  0.0601101
3.75862  0.0599088
3.84617  0.0597069
3.93576  0.0595045
4.02744  0.059302
4.12125  0.0590994
4.21724  0.0588969
4.31548  0.0586944
4.416  0.0584916
4.51886  0.0582883
4.62412  0.0580843
4.73183  0.0578794
4.84204  0.0576732
4.95483  0.0574657
5.07024  0.0572566
5.18834  0.0570456
5.3092  0.0568326
5.43286  0.0566172
5.55941  0.0563994
5.68891  0.0561788
5.82142  0.0559558
5.95702  0.0557303
6.09577  0.0555027
6.23776  0.0552731
6.38306  0.0550417
6.53174  0.0548086
6.68388  0.0545742
6.83957  0.0543385
6.99888  0.0541017
7.16191  0.0538641
7.32873  0.0536257
7.49944  0.0533869
7.67412  0.0531477
7.85288  0.0529076
8.03579  0.052666
8.22297  0.0524224
8.41451  0.0521762
8.61051  0.0519269
8.81107  0.0516738
9.01631  0.0514165
9.22633  0.0511543
9.44123  0.0508866
9.66115  0.050613
9.88619  0.0503327
10.1165  0.0500453
10.3521  0.0497504
10.5932  0.0494477
10.84  0.0491373
11.0925  0.0488194
11.3509  0.0484937
11.6153  0.0481605
11.8858  0.0478197
12.1627  0.0474713
12.446  0.0471154
12.7359  0.0467519
13.0325  0.046381
13.3361  0.0460025
13.6467  0.0456166
13.9646  0.0452236
14.2899  0.0448255
14.6227  0.0444246
14.9633  0.0440232
15.3119  0.0436237
15.6685  0.0432282
16.0335  0.0428393
16.407  0.0424591
16.7892  0.04209
17.1802  0.0417343
17.5804  0.0413943
17.9899  0.0410724
18.4089  0.0407708
18.8377  0.0404918
19.2765  0.0402367
19.7255  0.040007
20.185  0.039804
20.6552  0.0396291
21.1363  0.0394835
21.6286  0.0393686
22.1324  0.0392859
22.6479  0.0392365
23.1755  0.0392219
23.7153  0.0392434
24.2677  0.0393024
24.833  0.0394001
25.4114  0.0395375
26.0033  0.0397137
26.609  0.0399272
27.2288  0.0401767
27.8631  0.0404608
28.5121  0.0407781
29.1762  0.0411273
29.8558  0.0415069
30.5512  0.0419156
31.2629  0.042352
31.9911  0.0428147
32.7362  0.0433024
33.4988  0.0438136
34.2791  0.0443469
35.0775  0.0449
35.8946  0.0454708
36.7307  0.046057
37.5862  0.0466563
38.4617  0.0472665
39.3576  0.0478852
40.2744  0.0485103
41.2125  0.0491393
42.1724  0.0497702
43.1548  0.0504006
44.16  0.0510283
45.1886  0.0516509
46.2412  0.0522665
47.3183  0.0528741
48.4204  0.0534728
49.5483  0.0540618
50.7024  0.0546405
51.8834  0.0552079
53.092  0.0557634
54.3286  0.056306
55.5941  0.0568351
56.8891  0.0573499
58.2142  0.0578495
59.5702  0.0583332
60.9577  0.0588002
62.3776  0.0592498
63.8306  0.0596819
65.3174  0.0600965
66.8388  0.0604935
68.3957  0.060873
69.9888  0.0612349
71.6191  0.0615792
73.2873  0.061906
74.9944  0.0622151
76.7412  0.0625066
78.5288  0.0627804
80.3579  0.0630366
82.2297  0.0632751
84.1451  0.063496
86.1051  0.0636997
88.1107  0.0638869
90.1631  0.0640579
92.2633  0.0642134
94.4123  0.0643539
96.6115  0.06448
98.8619  0.0645921
101.165  0.0646908
103.521  0.0647767
105.932  0.0648502
108.4  0.064912
110.925  0.0649626
113.509  0.0650025
116.153  0.0650329
118.858  0.0650548
121.627  0.0650695
124.46  0.065078
127.359  0.0650816
130.325  0.0650813
133.361  0.0650783
136.467  0.0650737
139.646  0.0650687
142.899  0.0650644
146.227  0.065062
149.633  0.0650626
153.119  0.0650672
156.685  0.0650764
160.335  0.0650905
164.07  0.0651101
167.892  0.0651355
171.802  0.0651672
175.804  0.0652056
179.899  0.0652511
184.089  0.0653042
188.377  0.0653652
192.765  0.0654346
197.255  0.0655128
201.85  0.0656003
206.552  0.0656972
211.363  0.0658034
216.286  0.0659184
221.324  0.0660417
226.479  0.0661728
231.755  0.0663113
237.153  0.0664568
242.677  0.0666088
248.33  0.0667669
254.114  0.0669305
260.033  0.0670993
266.09  0.0672728
272.288  0.0674505
278.631  0.0676321
285.121  0.0678171
291.762  0.0680054
298.558  0.0681966
305.512  0.0683904
312.629  0.0685866
319.911  0.0687848
327.362  0.0689847
334.988  0.0691862
342.791  0.0693887
350.775  0.0695922
358.946  0.0697962
367.307  0.0700006
375.862  0.0702049
384.617  0.070409
393.576  0.0706124
402.744  0.070815
412.125  0.0710165
421.724  0.0712164
431.548  0.0714146
441.6  0.0716108
451.886  0.0718046
462.412  0.0719957
473.183  0.072184
484.204  0.072369
495.483  0.0725505
507.024  0.0727282
518.834  0.0729017
530.92  0.0730705
543.286  0.0732343
555.941  0.0733926
568.891  0.073545
582.142  0.0736911
595.702  0.0738306
609.577  0.0739629
623.776  0.0740877
638.306  0.0742046
653.174  0.0743131
668.388  0.0744128
683.957  0.0745035
699.888  0.0745854
716.191  0.0746591
732.873  0.0747249
749.944  0.0747833
767.412  0.0748347
785.288  0.0748797
803.579  0.0749185
822.297  0.0749518
841.451  0.0749799
861.051  0.0750032
881.107  0.0750223
901.631  0.0750375
922.633  0.0750494
944.123  0.0750581
966.115  0.075064
988.619  0.0750675
1011.65  0.0750688
1035.21  0.0750682
1059.32  0.0750661
1084  0.0750627
1109.25  0.0750583
1135.09  0.0750533
1161.53  0.075048
1188.58  0.0750426
1216.27  0.0750375
1244.6  0.0750328
1273.59  0.0750283
1303.25  0.0750234
1333.61  0.0750179
1364.67  0.0750111
1396.46  0.0750028
1428.99  0.0749923
1462.27  0.0749794
1496.33  0.0749636
1531.19  0.0749444
1566.85  0.0749215
1603.35  0.0748943
1640.7  0.0748624
1678.92  0.0748255
1718.02  0.0747832
1758.04  0.0747354
1798.99  0.0746817
1840.89  0.074622
1883.77  0.0745561
1927.65  0.0744837
1972.55  0.0744045
2018.5  0.0743184
2065.52  0.0742251
2113.63  0.0741243
2162.86  0.0740159
2213.24  0.0738997
2264.79  0.0737754
2317.55  0.0736433
2371.53  0.073504
2426.77  0.0733578
2483.3  0.0732051
2541.14  0.0730464
2600.33  0.072882
2660.9  0.0727123
2722.88  0.0725378
2786.31  0.0723588
2851.21  0.0721758
2917.62  0.0719892
2985.58  0.0717994
3055.12  0.0716068
3126.29  0.0714118
3199.11  0.0712146
3273.62  0.0710156
3349.88  0.0708152
3427.91  0.0706136
3507.75  0.0704113
3589.46  0.0702085
3673.07  0.0700056
3758.62  0.0698029
3846.17  0.0696007
3935.76  0.0693995
4027.44  0.0691994
4121.25  0.0690009
4217.24  0.0688043
4315.48  0.0686098
4416  0.0684178
4518.86  0.0682286
4624.12  0.0680423
4731.83  0.0678595
4842.04  0.0676803
4954.83  0.067505
5070.24  0.067334
5188.34  0.0671676
5309.2  0.067006
5432.86  0.0668496
5559.41  0.0666986
5688.91  0.0665535
5821.42  0.0664147
5957.02  0.0662825
6095.77  0.0661575
6237.76  0.0660399
6383.06  0.0659304
6531.74  0.0658291
6683.88  0.0657366
6839.57  0.0656533
6998.88  0.0655795
7161.91  0.0655157
7328.73  0.0654624
7499.44  0.0654194
7674.12  0.065385
7852.88  0.0653569
8035.79  0.065333
8222.97  0.065311
8414.51  0.0652887
8610.51  0.0652639
8811.07  0.0652343
9016.31  0.0651977
9226.33  0.065152
9441.23  0.0650948
9661.15  0.0650239
9886.19  0.0649372
10116.5  0.0648328
10352.1  0.0647106
10593.2  0.0645707
10840  0.0644133
11092.5  0.0642388
11350.9  0.0640472
11615.3  0.0638389
11885.8  0.063614
12162.7  0.0633728
12446  0.0631155
12735.9  0.0628423
13032.5  0.0625534
13336.1  0.0622491
13646.7  0.0619298
13964.6  0.0615968
14289.9  0.0612519
14622.7  0.0608965
14963.3  0.0605324
15311.9  0.0601612
15668.5  0.0597845
16033.5  0.0594039
16407  0.059021
16789.2  0.0586374
17180.2  0.0582548
17580.4  0.0578748
17989.9  0.0574989
18408.9  0.0571284
18837.7  0.0567621
19276.5  0.0563984
19725.5  0.0560358
20185  0.0556728
20655.2  0.0553076
21136.3  0.0549389
21628.6  0.0545648
22132.4  0.054184
22647.9  0.0537948
23175.5  0.0533957
23715.3  0.052985
24267.7  0.0525613
24833  0.0521233
25411.4  0.0516719
26003.3  0.0512084
26609  0.050734
27228.8  0.0502501
27863.1  0.0497578
28512.1  0.0492585
29176.2  0.0487534
29855.8  0.0482438
30551.2  0.047731
31262.9  0.0472163
31991.1  0.0467009
32736.2  0.046186
33498.8  0.0456729
34279.1  0.0451623
35077.5  0.0446547
35894.6  0.0441507
36730.7  0.0436509
37586.2  0.0431558
38461.7  0.0426662
39357.6  0.0421825
40274.4  0.0417053
41212.5  0.0412353
42172.4  0.040773
43154.8  0.0403189
44160  0.0398737
45188.6  0.039438
46241.2  0.0390122
47318.3  0.0385969
48420.4  0.0381924
49548.3  0.0377994
50702.4  0.0374182
51883.4  0.0370495
53092  0.0366936
54328.6  0.0363511
55594.1  0.0360224
56889.1  0.035708
58214.2  0.0354085
59570.2  0.0351242
60957.7  0.0348556
62377.6  0.034602
63830.6  0.034363
65317.4  0.0341378
66838.8  0.0339257
68395.7  0.0337262
69988.8  0.0335385
71619.1  0.033362
73287.3  0.0331961
74994.4  0.03304
76741.2  0.0328932
78528.8  0.032755
80357.9  0.0326246
82229.7  0.0325012
84145.1  0.032382
86105.1  0.0322642
88110.7  0.0321446
90163.1  0.0320203
92263.3  0.0318884
94412.3  0.0317458
96611.5  0.0315896
98861.9  0.0314167
101165  0.0312242
103521  0.0310091
105932  0.0307684
108400  0.0304992
110925  0.0301992
113509  0.0298701
116153  0.0295142
118858  0.0291337
121627  0.0287312
124460  0.0283089
127359  0.0278693
130325  0.0274146
133361  0.0269473
136467  0.0264696
139646  0.0259841
142899  0.0254929
146227  0.0249986
149633  0.0245034
153119  0.0240097
156685  0.0235201
160335  0.0230368
164070  0.0225624
167892  0.0220992
171802  0.0216496
175804  0.0212161
179899  0.0208011
184089  0.020407
188377  0.0200362
192765  0.0196911
197255  0.0193741
201850  0.0190871
206552  0.0188292
211363  0.0185989
216286  0.0183949
221324  0.0182156
226479  0.0180597
231755  0.0179256
237153  0.017812
242677  0.0177173
248330  0.0176403
254114  0.0175793
260033  0.017533
266090  0.0174999
272288  0.0174786
278631  0.0174672
285121  0.0174641
291762  0.0174675
298558  0.0174756
305512  0.0174868
312629  0.0174991
319911  0.0175108
327362  0.0175203
334988  0.0175257
342791  0.0175253
350775  0.0175173
358946  0.0174999
367307  0.0174718
375862  0.0174324
384617  0.0173819
393576  0.0173201
402744  0.0172471
412125  0.0171626
421724  0.0170668
431548  0.0169595
441600  0.0168407
451886  0.0167104
462412  0.0165684
473183  0.0164148
484204  0.0162495
495483  0.0160728
507024  0.0158863
518834  0.0156919
530920  0.0154917
543286  0.0152876
555941  0.0150815
568891  0.0148755
582142  0.0146714
595702  0.0144713
609577  0.0142771
623776  0.0140908
638306  0.0139143
653174  0.0137495
668388  0.0135981
683957  0.0134594
699888  0.0133325
716191  0.0132165
732873  0.0131103
749944  0.013013
767412  0.0129236
785288  0.0128412
803579  0.0127649
822297  0.0126935
841451  0.0126262
861051  0.0125619
881107  0.0124998
901631  0.0124388
922633  0.0123778
944123  0.0123157
966115  0.0122512
988619  0.0121832
1.01165e+06  0.0121105
1.03521e+06  0.0120321
1.05932e+06  0.0119467
1.084e+06  0.0118532
1.10925e+06  0.0117503
1.13509e+06  0.0116371
1.16153e+06  0.0115122
1.18858e+06  0.0113746
1.21627e+06  0.0112235
1.2446e+06  0.0110604
1.27359e+06  0.0108871
1.30325e+06  0.0107054
1.33361e+06  0.0105173
1.36467e+06  0.0103244
1.39646e+06  0.0101288
1.42899e+06  0.00993216
1.46227e+06  0.00973644
1.49633e+06  0.00954346
1.53119e+06  0.00935509
1.56685e+06  0.00917315
1.60335e+06  0.00899951
1.6407e+06  0.0088357
1.67892e+06  0.00868192
1.71802e+06  0.00853809
1.75804e+06  0.0084041
1.79899e+06  0.00827985
1.84089e+06  0.00816526
1.88377e+06  0.00806021
1.92765e+06  0.00796461
1.97255e+06  0.00787836
2.0185e+06  0.00780136
2.06552e+06  0.00773351
2.11363e+06  0.00767471
2.16286e+06  0.00762487
2.21324e+06  0.00758377
2.26479e+06  0.00755075
2.31755e+06  0.00752504
2.37153e+06  0.00750586
2.42677e+06  0.00749245
2.4833e+06  0.00748404
2.54114e+06  0.00747984
2.60033e+06  0.00747909
2.6609e+06  0.00748101
2.72288e+06  0.00748484
2.78631e+06  0.00748979
2.85121e+06  0.00749511
2.91762e+06  0.00750001
2.98558e+06  0.00750388
3.05512e+06  0.00750668
3.12629e+06  0.00750852
3.19911e+06  0.00750953
3.27362e+06  0.00750982
3.34988e+06  0.0075095
3.42791e+06  0.00750869
3.50775e+06  0.00750751
3.58946e+06  0.00750606
3.67307e+06  0.00750447
3.75862e+06  0.00750286
3.84617e+06  0.00750133
3.93576e+06  0.0075
4.02744e+06  0.00749896
4.12125e+06  0.00749821
4.21724e+06  0.00749772
4.31548e+06  0.00749745
4.416e+06  0.00749737
4.51886e+06  0.00749745
4.62412e+06  0.00749767
4.73183e+06  0.00749799
4.84204e+06  0.00749838
4.95483e+06  0.0074988
5.07024e+06  0.00749923
5.18834e+06  0.00749964
5.3092e+06  0.0075
5.43286e+06  0.00750028
5.55941e+06  0.00750048
5.68891e+06  0.00750061
5.82142e+06  0.00750068
5.95702e+06  0.0075007
6.09577e+06  0.00750068
6.23776e+06  0.00750062
6.38306e+06  0.00750054
6.53174e+06  0.00750044
6.68388e+06  0.00750032
6.83957e+06  0.00750021
6.99888e+06  0.0075001
7.16191e+06  0.0075
7.32873e+06  0.00749993
7.49944e+06  0.00749987
7.67412e+06  0.00749984
7.85288e+06  0.00749982
8.03579e+06  0.00749981
8.22297e+06  0.00749982
8.41451e+06  0.00749983
8.61051e+06  0.00749986
8.81107e+06  0.00749988
9.01631e+06  0.00749991
9.22633e+06  0.00749995
9.44123e+06  0.00749997
9.66115e+06  0.0075
9.88619e+06  0.00750002
1.01165e+07  0.00750003
1.03521e+07  0.00750004
1.05932e+07  0.00750005
1.084e+07  0.00750005
1.10925e+07  0.00750005
1.13509e+07  0.00750004
1.16153e+07  0.00750004
1.18858e+07  0.00750003
1.21627e+07  0.00750002
1.2446e+07  0.00750001
1.27359e+07  0.00750001
1.30325e+07  0.0075
1.33361e+07  0.00749999
1.36467e+07  0.00749999
1.39646e+07  0.00749999
1.42899e+07  0.00749999
1.46227e+07  0.00749999
1.49633e+07  0.00749999
1.53119e+07  0.00749999
1.56685e+07  0.00749999
1.60335e+07  0.00749999
1.6407e+07  0.00749999
1.67892e+07  0.0075
1.71802e+07  0.0075
1.75804e+07  0.0075
1.79899e+07  0.0075
1.84089e+07  0.0075
1.88377e+07  0.0075
1.92765e+07  0.0075
1.97255e+07  0.00750001
2.0185e+07  0.00750001
2.06552e+07  0.00750001
2.11363e+07  0.0075
2.16286e+07  0.0075
2.21324e+07  0.0075
2.26479e+07  0.0075
2.31755e+07  0.0075
2.37153e+07  0.0075
2.42677e+07  0.0075
2.4833e+07  0.0075
2.54114e+07  0.0075
2.60033e+07  0.00749999
2.6609e+07  0.00749999
2.72288e+07  0.00749999
2.78631e+07  0.00749999
2.85121e+07  0.00749999
2.91762e+07  0.00749999
2.98558e+07  0.00749999
3.05512e+07  0.00749999
3.12629e+07  0.0075
3.19911e+07  0.0075
3.27362e+07  0.0075
3.34988e+07  0.00750001
3.42791e+07  0.00750001
3.50775e+07  0.00750002
3.58946e+07  0.00750002
3.67307e+07  0.00750002
3.75862e+07  0.00750003
3.84617e+07  0.00750003
3.93576e+07  0.00750003
4.02744e+07  0.00750002
4.12125e+07  0.00750002
4.21724e+07  0.00750001
4.31548e+07  0.0075
4.416e+07  0.00749999
4.51886e+07  0.00749997
4.62412e+07  0.00749995
4.73183e+07  0.00749994
4.84204e+07  0.00749992
4.95483e+07  0.00749991
5.07024e+07  0.0074999
5.18834e+07  0.0074999
5.3092e+07  0.0074999
5.43286e+07  0.00749991
5.55941e+07  0.00749993
5.68891e+07  0.00749996
5.82142e+07  0.0075
5.95702e+07  0.00750005
6.09577e+07  0.00750011
6.23776e+07  0.00750017
6.38306e+07  0.00750023
6.53174e+07  0.00750029
6.68388e+07  0.00750033
6.83957e+07  0.00750036
6.99888e+07  0.00750038
7.16191e+07  0.00750036
7.32873e+07  0.00750033
7.49944e+07  0.00750026
7.67412e+07  0.00750015
7.85288e+07  0.0075
8.03579e+07  0.00749981
8.22297e+07  0.00749959
8.41451e+07  0.00749936
8.61051e+07  0.00749913
8.81107e+07  0.00749893
9.01631e+07  0.00749876
9.22633e+07  0.00749864
9.44123e+07  0.0074986
9.66115e+07  0.00749864
9.88619e+07  0.00749878
1.01165e+08  0.00749905
1.03521e+08  0.00749945
1.05932e+08  0.0075
1.084e+08  0.00750071
1.10925e+08  0.00750153
1.13509e+08  0.00750239
1.16153e+08  0.00750324
1.18858e+08  0.00750401
1.21627e+08  0.00750464
1.2446e+08  0.00750507
1.27359e+08  0.00750524
1.30325e+08  0.00750508
1.33361e+08  0.00750454
1.36467e+08  0.00750355
1.39646e+08  0.00750206
1.42899e+08  0.00749999
1.46227e+08  0.00749729
1.49633e+08  0.00749384
1.53119e+08  0.00748954
1.56685e+08  0.00748427
1.60335e+08  0.00747792
1.6407e+08  0.00747038
1.67892e+08  0.00746154
1.71802e+08  0.00745129
1.75804e+08  0.00743952
1.79899e+08  0.0074261
1.84089e+08  0.00741095
1.88377e+08  0.00739393
1.92765e+08  0.00737494
1.97255e+08  0.0073539
2.0185e+08  0.00733085
2.06552e+08  0.00730584
2.11363e+08  0.00727894
2.16286e+08  0.00725021
2.21324e+08  0.00721972
2.26479e+08  0.00718754
2.31755e+08  0.00715372
2.37153e+08  0.00711834
2.42677e+08  0.00708145
2.4833e+08  0.00704311
2.54114e+08  0.0070034
2.60033e+08  0.00696238
2.6609e+08  0.00692011
2.72288e+08  0.00687669
2.78631e+08  0.00683221
2.85121e+08  0.00678676
2.91762e+08  0.00674044
2.98558e+08  0.00669335
3.05512e+08  0.00664557
3.12629e+08  0.0065972
3.19911e+08  0.00654834
3.27362e+08  0.00649909
3.34988e+08  0.00644952
3.42791e+08  0.00639975
3.50775e+08  0.00634986
3.58946e+08  0.00629993
3.67307e+08  0.00624998
3.75862e+08  0.00620002
3.84617e+08  0.00615004
3.93576e+08  0.00610004
4.02744e+08  0.00605004
4.12125e+08  0.00600002
4.21724e+08  0.00595
4.31548e+08  0.00589997
4.416e+08  0.00584994
4.51886e+08  0.00579991
4.62412e+08  0.00574988
4.73183e+08  0.00569986
4.84204e+08  0.00564983
4.95483e+08  0.00559982
5.07024e+08  0.00554981
5.18834e+08  0.0054998
5.3092e+08  0.0054498
5.43286e+08  0.0053998
5.55941e+08  0.0053498
5.68891e+08  0.00529981
5.82142e+08  0.00524981
5.95702e+08  0.00519982
6.09577e+08  0.00514983
6.23776e+08  0.00509984
6.38306e+08  0.00504986
6.53174e+08  0.00499987
6.68388e+08  0.00494988
6.83957e+08  0.00489989
6.99888e+08  0.0048499
7.16191e+08  0.00479991
7.32873e+08  0.00474991
7.49944e+08  0.00469992
7.67412e+08  0.00464992
7.85288e+08  0.00459991
8.03579e+08  0.0045499
8.22297e+08  0.00449989
8.41451e+08  0.00444988
8.61051e+08  0.00439986
8.81107e+08  0.00434983
9.01631e+08  0.0042998
9.22633e+08  0.00424976
9.44123e+08  0.00419971
9.66115e+08  0.00414966
9.88619e+08  0.0040996
