#ZVView-data-copy:   4-Feb-2026 15:51:44
#=======================================
#
#name:   ENDF/B-VIII.1: LI-6(N,TOT)
#X.axis: Incident Energy
#Y.axis: Cross Section
#wdata:  2
#ldata:  831
#data...
#            X            Y
#          MeV        barns
         1e-11      47200.9 
   1.10304e-11      44942.3 
   1.21669e-11      42791.7 
   1.34206e-11      40744.1 
   1.48034e-11      38794.5 
   1.63287e-11      36938.1 
   1.80111e-11      35170.6 
   1.98669e-11      33487.7 
   2.19139e-11      31885.3 
   2.41719e-11      30359.5 
   2.66625e-11      28906.8 
   2.94097e-11      27523.6 
     3.244e-11      26206.6 
   3.57825e-11      24952.6 
   3.94694e-11      23758.6 
   4.35362e-11      22621.7 
   4.80221e-11      21539.2 
   5.29701e-11      20508.6 
    5.8428e-11      19527.2 
   6.44483e-11      18592.8 
   7.10888e-11      17703.1 
   7.84136e-11        16856 
   8.64931e-11      16049.5 
   9.54051e-11      15281.5 
   1.05235e-10      14550.3 
   1.16078e-10        13854 
   1.28039e-10      13191.1 
   1.41231e-10      12559.9 
   1.55784e-10      11958.9 
   1.71835e-10      11386.7 
    1.8954e-10      10841.8 
    2.0907e-10        10323 
   2.30612e-10      9829.05 
   2.54374e-10      9358.73 
   2.80584e-10      8910.91 
   3.09494e-10      8484.53 
   3.41383e-10      8078.54 
   3.43791e-10      8052.08 
   3.76558e-10      7691.98 
   3.81871e-10      7641.59 
   4.15358e-10      7323.92 
   4.24189e-10      7251.61 
   4.58155e-10      6973.48 
   4.71174e-10      6881.45 
   5.05362e-10       6639.8 
   5.23388e-10      6529.81 
   5.57433e-10      6322.09 
    5.8136e-10      6196.06 
   6.14869e-10      6019.58 
   6.45785e-10      5879.02 
   6.78223e-10      5731.55 
   7.17315e-10      5578.13 
   7.48105e-10       5457.3 
   7.96806e-10      5292.31 
   8.25188e-10      5196.17 
   8.85063e-10      5021.08 
   9.10213e-10      4947.54 
   9.83144e-10      4763.45 
      1.004e-9      4710.81 
    1.09204e-9      4518.97 
    1.10745e-9       4485.4 
    1.21306e-9      4286.77 
    1.22155e-9      4270.79 
    1.34742e-9      4066.44 
    1.48625e-9      3871.87 
    1.49674e-9      3859.19 
    1.63939e-9      3686.61 
    1.66252e-9      3662.46 
    1.80831e-9      3510.22 
     1.8597e-9       3463.9 
    1.99463e-9      3342.27 
    2.08025e-9      3275.65 
    2.20016e-9      3182.36 
    2.32697e-9      3097.18 
    2.42685e-9      3030.09 
    2.60294e-9         2928 
    2.67691e-9      2885.12 
    2.91165e-9      2767.64 
    2.95273e-9      2747.08 
    3.25697e-9      2615.65 
    3.27994e-9      2607.08 
    3.59256e-9      2490.51 
    3.69464e-9      2457.65 
    3.96272e-9      2371.36 
    4.16197e-9      2315.99 
    4.37103e-9      2257.91 
    4.72126e-9      2173.91 
    4.82141e-9      2149.89 
    5.31819e-9      2047.04 
    5.35571e-9      2040.33 
    5.86616e-9      1949.11 
    6.11796e-9      1910.26 
    6.47059e-9      1855.87 
    6.98905e-9      1786.83 
     7.1373e-9      1767.09 
    7.87271e-9      1682.56 
     8.0401e-9      1665.95 
    8.68389e-9      1602.07 
    9.31399e-9       1548.1 
    9.57865e-9      1525.44 
    1.05656e-8      1452.47 
    1.08658e-8      1433.31 
    1.16543e-8         1383 
    1.27657e-8      1321.77 
    1.28551e-8      1316.85 
    1.41796e-8      1253.86 
    1.52085e-8      1211.63 
    1.56406e-8       1193.9 
    1.72522e-8       1136.8 
    1.83753e-8      1102.45 
    1.90298e-8      1082.43 
    2.09906e-8      1030.67 
    2.25137e-8      995.957 
    2.31534e-8      981.379 
    2.52419e-8      939.931 
       2.53e-8      938.851 
    2.79068e-8      893.959 
    3.07823e-8      851.214 
    3.21036e-8      834.258 
     3.3954e-8      810.515 
    3.74525e-8      771.763 
    4.13115e-8      734.866 
    4.18943e-8      730.055 
    4.55681e-8      699.735 
    5.02633e-8      666.285 
    5.54423e-8      634.435 
    5.70177e-8      626.072 
    6.11549e-8      604.111 
    6.74561e-8      575.237 
    7.44066e-8      547.745 
    8.20732e-8      521.568 
    9.05297e-8      496.646 
    9.98577e-8      472.918 
    1.10147e-7      450.327 
    1.21496e-7      428.821 
    1.27605e-7      418.831 
    1.34014e-7      408.351 
    1.47823e-7      388.866 
    1.63054e-7       370.32 
    1.79855e-7      352.664 
    1.98386e-7       335.85 
    2.18827e-7      319.835 
     2.2348e-7      316.686 
    2.41375e-7      304.579 
    2.66245e-7      290.047 
    2.93678e-7      276.205 
    3.23938e-7       263.02 
    3.57316e-7      250.464 
    3.94132e-7      238.511 
    4.34743e-7      227.131 
    4.79537e-7        216.3 
    4.89733e-7      214.173 
    5.28947e-7      205.993 
    5.83448e-7      196.179 
    6.43565e-7      186.829 
    7.09876e-7      177.923 
     7.8302e-7      169.435 
      8.637e-7      161.349 
    9.52693e-7      153.658 
    1.05086e-6      146.344 
    1.15913e-6      139.382 
    1.27857e-6      132.746 
     1.4103e-6      126.436 
    1.55562e-6      120.421 
     1.7159e-6      114.678 
    1.81481e-6      111.627 
    1.89271e-6      109.224 
    2.08772e-6      104.033 
    2.30284e-6      99.0988 
    2.54012e-6      94.3838 
    2.55803e-6      94.0777 
    2.80184e-6      89.9119 
    2.82161e-6      89.6215 
    3.11233e-6      85.3496 
    3.43302e-6      81.2821 
    3.78675e-6      77.4345 
    4.17692e-6      73.7844 
    4.20618e-6      73.5107 
     4.6073e-6      70.2816 
    4.63957e-6      70.0218 
    5.08202e-6      66.9546 
    5.11762e-6      66.7079 
    5.60566e-6      63.8001 
    5.64492e-6      63.5661 
    6.22656e-6      60.5491 
    6.86813e-6      57.6908 
     7.5758e-6       54.967 
    8.41533e-6       52.174 
    9.28242e-6      49.7169 
    9.34744e-6      49.5575 
    1.02389e-5      47.3714 
    1.03833e-5      47.0659 
    1.12938e-5      45.1397 
    1.13729e-5      44.9972 
    1.26333e-5      42.7256 
    1.27218e-5      42.5661 
     1.3935e-5      40.7207 
    1.52631e-5       38.941 
    1.68358e-5      37.0976 
    1.85705e-5      35.3625 
    1.88325e-5      35.1352 
    2.04839e-5      33.7027 
    2.12146e-5      33.1589 
    2.27539e-5      32.0132 
    2.32366e-5      31.7089 
    2.54525e-5      30.3119 
    2.56308e-5      30.1995 
    2.78784e-5      29.0084 
     2.8075e-5      28.9042 
    3.03231e-5      27.8355 
    3.34475e-5      26.5286 
    3.66372e-5      25.3859 
    3.68938e-5      25.3046 
    3.95708e-5      24.4569 
    4.33445e-5      23.3949 
    4.71454e-5      22.4682 
    4.74757e-5      22.3876 
    5.12797e-5      21.5737 
    5.16389e-5      21.4968 
    5.57765e-5      20.7129 
    5.61672e-5      20.6389 
    6.02426e-5       19.961 
    6.06676e-5      19.8903 
    6.64498e-5      19.0334 
    7.22769e-5      18.2822 
    7.80682e-5      17.6219 
     7.8615e-5      17.5596 
    8.61121e-5      16.8076 
    8.67153e-5      16.7547 
    9.36634e-5      16.1453 
    9.43195e-5      16.0949 
   0.000101877       15.515 
    0.00010259      15.4603 
   0.000110811      14.9042 
   0.000111587      14.8517 
   0.000119684      14.3702 
   0.000120528        14.32 
   0.000132015      13.7123 
   0.000132947      13.6694 
   0.000143592      13.1793 
   0.000155097      12.7104 
   0.000156184      12.6661 
   0.000171078      12.1327 
   0.000172276      12.0954 
   0.000187384       11.626 
   0.000202398      11.2156 
   0.000203816      11.1769 
   0.000221689      10.7485 
   0.000223252       10.711 
   0.000231204      10.5439 
   0.000239452      10.3706 
   0.000241129      10.3353 
   0.000264124      9.90558 
   0.000265974      9.87549 
   0.000287285      9.52888 
   0.000310289      9.19771 
   0.000312478       9.1662 
    0.00034226       8.7894 
   0.000344675       8.7629 
     0.0003749      8.43115 
   0.000404919      8.14195 
   0.000407775      8.11443 
   0.000440427      7.83922 
   0.000449791      7.76029 
   0.000479048      7.54565 
   0.000489234      7.47093 
   0.000532136      7.19304 
   0.000570747      6.97395 
   0.000578799      6.92826 
   0.000620797      6.71756 
   0.000638437      6.62906 
   0.000684762      6.42881 
   0.000689559      6.40988 
    0.00074481      6.19192 
   0.000810123      5.97171 
   0.000833143       5.8941 
   0.000881164      5.75424 
   0.000899855      5.69981 
   0.000958435      5.54781 
   0.000978765      5.49506 
    0.00106459      5.29856 
    0.00114184      5.14234 
     0.0011499      5.12605 
    0.00124197      4.96268 
    0.00127726      4.90006 
    0.00136994      4.75855 
     0.0013796      4.74508 
    0.00149007      4.59113 
    0.00162074      4.43544 
    0.00166679      4.38057 
    0.00176286      4.28169 
    0.00180035      4.24311 
    0.00190411      4.14796 
    0.00195822      4.09835 
    0.00211502      3.97165 
    0.00212994      3.95959 
    0.00226849      3.86078 
    0.00230049      3.83795 
    0.00248482      3.72253 
    0.00255543      3.67832 
    0.00274085      3.57838 
    0.00276005      3.56893 
    0.00287852      3.51063 
    0.00297807      3.46175 
     0.0029812      3.46022 
    0.00323922      3.35187 
    0.00333476      3.31175 
    0.00352328      3.24335 
    0.00360179      3.21486 
    0.00380539      3.14856 
    0.00389038      3.12088 
     0.0042271      3.02473 
    0.00429123      3.00641 
    0.00453382      2.94654 
    0.00470023      2.90547 
    0.00495908      2.84892 
    0.00507684      2.82319 
    0.00550863      2.74057 
    0.00552204      2.73801 
    0.00594972       2.6672 
    0.00617695      2.62958 
    0.00644368      2.59155 
    0.00675501      2.54718 
    0.00708006      2.50678 
    0.00745103      2.46067 
    0.00775525      2.42824 
    0.00830298      2.36984 
    0.00855433      2.34661 
    0.00896826      2.30834 
    0.00930447      2.28067 
     0.0097547      2.24362 
     0.0101411      2.21589 
     0.0102842      2.20562 
     0.0106101       2.1824 
     0.0110304      2.15642 
     0.0115405       2.1249 
     0.0123323      2.08192 
     0.0128381      2.05447 
       0.01351      2.02307 
     0.0137696      2.01094 
     0.0149021      1.96246 
     0.0149545      1.96022 
      0.016606      1.89894 
     0.0179365      1.85632 
     0.0180622       1.8523 
     0.0195094      1.81084 
     0.0197846      1.80295 
     0.0213295      1.76752 
     0.0224459      1.74192 
     0.0228476      1.73413 
     0.0229724      1.73175 
     0.0250951      1.69111 
     0.0254963      1.68444 
     0.0271045      1.65771 
     0.0273463      1.65411 
     0.0298973      1.61613 
     0.0299089      1.61601 
          0.03      1.61507 
     0.0332119      1.58306 
      0.035873      1.55654 
     0.0390188      1.52519 
          0.04      1.51541 
      0.042604      1.49942 
     0.0426591       1.4991 
     0.0459447      1.48011 
          0.05      1.45666 
     0.0509927      1.45321 
     0.0521462      1.44921 
     0.0546927      1.44139 
     0.0598178      1.42567 
     0.0604114      1.42385 
     0.0616928      1.42189 
     0.0664238      1.41696 
     0.0704767      1.41273 
     0.0709704      1.41281 
     0.0717461      1.41342 
     0.0777255       1.4181 
     0.0805643      1.42032 
     0.0851377      1.43228 
          0.09        1.445 
     0.0906349       1.4473 
     0.0918894      1.45311 
           0.1       1.4907 
      0.101985      1.50483 
      0.108843      1.55365 
          0.11      1.56188 
      0.119636      1.66043 
          0.12      1.66416 
          0.13      1.80667 
      0.132848      1.86246 
          0.14      2.00258 
      0.143492      2.09622 
          0.15      2.27072 
      0.155451      2.47078 
          0.16      2.63775 
          0.17      3.14083 
      0.171134      3.21885 
      0.179799      3.81527 
      0.184908      4.25353 
      0.187851      4.54806 
          0.19      4.76307 
         0.195      5.33972 
           0.2      5.99513 
         0.205      6.72724 
      0.206803       7.0154 
          0.21      7.52617 
      0.216517      8.62541 
      0.219017      9.04433 
          0.22      9.20633 
         0.225      10.0068 
         0.229      10.5618 
      0.229666      10.6451 
          0.23       10.687 
         0.232      10.9198 
         0.233      11.0187 
         0.235       11.205 
         0.236      11.2813 
         0.237      11.3512 
         0.239      11.4652 
         0.241      11.5354 
      0.242372      11.5648 
         0.243      11.5736 
         0.245      11.5746 
         0.246      11.5623 
         0.248      11.5068 
      0.248603      11.4868 
          0.25      11.4208 
         0.251      11.3677 
         0.254      11.1683 
         0.255      11.0855 
         0.258      10.8199 
          0.26      10.6162 
         0.262       10.406 
      0.266869       9.8436 
          0.27      9.46996 
          0.28      8.29469 
          0.29      7.23504 
           0.3      6.34143 
          0.31      5.60768 
          0.32      5.01012 
          0.33      4.52282 
          0.34      4.12302 
      0.349661      3.80335 
          0.36      3.51611 
      0.369038      3.30576 
          0.37      3.28337 
          0.38      3.08548 
           0.4      2.76891 
          0.42      2.52876 
          0.44      2.34162 
          0.46      2.19238 
      0.479745      2.07252 
           0.5      1.97058 
          0.52      1.88779 
      0.523668      1.87315 
      0.525554      1.86653 
          0.54      1.81584 
      0.543809      1.80297 
       0.56395      1.74251 
      0.584091      1.69006 
      0.604232      1.64474 
      0.608465       1.6355 
      0.628747      1.59635 
      0.638809      1.57752 
      0.658186       1.5461 
      0.664656        1.536 
      0.689594      1.50177 
      0.704938      1.48147 
      0.714883      1.47042 
      0.743246      1.43961 
      0.755291      1.42652 
      0.805643      1.38314 
      0.861992      1.34491 
      0.912697      1.31731 
      0.970199      1.29256 
             1      1.28251 
       1.03567      1.26348 
          1.05      1.25706 
       1.05111      1.25682 
       1.11552      1.24296 
       1.12339      1.24188 
           1.2      1.23235 
       1.21693      1.23131 
          1.25      1.22972 
       1.32764      1.23142 
       1.36905      1.23266 
       1.44994      1.24157 
       1.48649      1.24701 
       1.52116      1.25218 
       1.62257      1.27296 
       1.72118      1.29849 
       1.72398      1.29921 
          1.75      1.30566 
       1.76064      1.30853 
           1.8      1.31995 
       1.82539      1.32946 
          1.85      1.33839 
           1.9      1.36049 
       1.92681      1.37358 
          1.95      1.38468 
       1.96376      1.39156 
             2      1.41117 
       2.02822      1.42659 
          2.05      1.43828 
           2.1      1.46485 
       2.10222        1.466 
       2.12963      1.48022 
          2.15      1.49062 
           2.2      1.51532 
          2.25       1.5391 
       2.28174       1.5536 
           2.3      1.56184 
          2.35       1.5835 
           2.4       1.6043 
          2.45      1.62433 
           2.5      1.64371 
       2.53527       1.6567 
          2.55      1.66204 
       2.55315      1.66383 
       2.56799      1.67149 
       2.61834        1.697 
          2.65      1.71046 
           2.7      1.73342 
       2.71905      1.74248 
          2.75      1.75553 
          2.85      1.79955 
          2.95      1.84403 
       2.97298      1.85447 
             3      1.86674 
       3.07152      1.89829 
           3.1      1.91108 
       3.17222        1.942 
       3.18372        1.947 
           3.2      1.95408 
          3.22      1.96229 
          3.24      1.97053 
          3.26      1.97886 
       3.27293      1.98431 
          3.28      1.98733 
           3.3      1.99546 
          3.32      2.00368 
          3.34      2.01199 
          3.35      2.01619 
          3.36      2.02048 
       3.37363      2.02598 
          3.38      2.02817 
           3.4      2.03512 
          3.42      2.04213 
       3.42398      2.04354 
          3.44      2.04929 
          3.45      2.05291 
          3.46      2.05617 
          3.48      2.06274 
           3.5      2.06936 
       3.52469      2.07761 
          3.55      2.08508 
           3.6      2.09817 
          3.65      2.10839 
       3.65079      2.10852 
           3.7      2.11698 
          3.75      2.12554 
        3.7522      2.12583 
           3.8      2.12939 
       3.80514      2.12975 
          3.85      2.13299 
           3.9      2.13456 
       3.90798      2.13476 
          3.95      2.13498 
             4      2.13327 
          4.05      2.13122 
           4.1      2.12788 
          4.15      2.12288 
       4.15784      2.12203 
       4.16161      2.12153 
           4.2      2.11698 
       4.20443      2.11628 
          4.25      2.10902 
           4.3      2.10084 
         4.318       2.0978 
          4.35      2.09178 
           4.4      2.08239 
          4.45      2.06886 
           4.5      2.05502 
          4.55      2.03509 
           4.6      2.01098 
          4.65      1.98722 
          4.66      1.98505 
          4.67      1.98297 
          4.68      1.98112 
          4.69       1.9793 
           4.7      1.97752 
          4.75      1.98709 
       4.78776       1.9942 
           4.8      1.99706 
          4.85      2.00947 
           4.9      2.01736 
          4.95       2.0267 
             5      2.03198 
       5.03527      2.03685 
          5.05      2.03892 
           5.1      2.04585 
           5.2       2.0433 
       5.23668      2.04146 
           5.3      2.03839 
           5.4      2.03207 
       5.42321      2.03027 
       5.43809      2.02926 
           5.5      2.02515 
           5.6      2.01671 
        5.6395      2.01339 
           5.7      2.00841 
       5.74021      2.00433 
           5.8            2 
           5.9      1.99125 
       5.94162      1.98699 
       5.94597      1.98666 
             6      1.98254 
           6.1      1.97399 
           6.2      1.96547 
       6.28747      1.95733 
           6.3      1.95634 
       6.44515      1.94485 
           6.5      1.94057 
           6.7      1.92504 
           6.8      1.91732 
       6.84797       1.9134 
           6.9      1.90919 
             7       1.9012 
           7.1      1.89325 
           7.2      1.88408 
           7.3      1.87653 
       7.30158      1.87641 
           7.6      1.85421 
       7.65361      1.85034 
           7.8       1.8399 
             8      1.82565 
       8.17009      1.81255 
           8.2      1.81026 
           8.4      1.79424 
       8.40887      1.79354 
           8.5      1.78634 
           8.6      1.77846 
       8.66066      1.77419 
           8.8      1.76445 
             9      1.75047 
           9.2      1.73703 
           9.3      1.72868 
       9.32103      1.72724 
           9.4      1.72184 
           9.5      1.71501 
           9.6      1.70846 
           9.7      1.70314 
           9.8      1.69672 
            10      1.68152 
       10.0476      1.67825 
       10.0785      1.67612 
       10.0887      1.67546 
       10.1893      1.66891 
       10.2207      1.66687 
        10.231      1.66619 
       10.3331      1.65955 
       10.3649      1.65748 
       10.3753       1.6568 
          10.4      1.65519 
       10.4789      1.65004 
          10.5      1.64866 
       10.5111      1.64786 
       10.5217      1.64709 
       10.6267      1.63951 
       10.6594      1.63715 
       10.6701      1.63637 
       10.7766      1.62869 
          10.8        1.627 
       10.8207      1.62556 
       10.9287      1.61804 
       10.9524      1.61638 
       10.9733      1.61492 
            11      1.61306 
       11.0874      1.60716 
          11.1      1.60631 
       11.1069      1.60588 
       11.1552      1.60283 
       11.2439      1.59723 
       11.2636      1.59599 
       11.3126       1.5929 
          11.4      1.58738 
       11.4025      1.58722 
       11.4722      1.58284 
          11.5      1.58109 
       11.5608      1.57713 
       11.5634      1.57696 
          11.6      1.57458 
       11.6622       1.5708 
          11.7       1.5685 
       11.7239      1.56714 
       11.7265      1.56699 
          11.8      1.56281 
       11.8268      1.56098 
       11.8893      1.55671 
       11.8919      1.55653 
       11.9936      1.54959 
            12      1.54916 
       12.0597      1.54569 
       12.1628      1.53971 
       12.1693      1.53934 
       12.2298      1.53582 
       12.3344      1.52975 
        12.341      1.52937 
          12.4      1.52595 
       12.4024       1.5258 
          12.5      1.51982 
       12.5151      1.51891 
       12.5774      1.51517 
       12.6764      1.50922 
       12.6917       1.5083 
       12.7548      1.50451 
       12.8552      1.49847 
       12.8707      1.49754 
       12.9348      1.49369 
            13      1.48977 
       13.0366      1.48738 
       13.0523      1.48635 
       13.1172       1.4821 
       13.2205      1.47534 
       13.2364       1.4743 
         13.25      1.47341 
       13.3023      1.47039 
        13.407      1.46433 
       13.4232      1.46339 
         13.49      1.45953 
          13.5      1.45895 
       13.5961      1.45362 
       13.6803      1.44896 
       13.6905      1.44839 
          13.7      1.44786 
        13.788      1.44268 
       13.8733      1.43766 
       13.8836      1.43705 
       13.9825      1.43122 
            14      1.43019 
        14.012      1.42948 
        14.069      1.42653 
       14.1798      1.42079 
       14.2097      1.41924 
       14.2675      1.41624 
          14.3      1.41456 
       14.3798      1.41008 
       14.4102      1.40837 
       14.4688      1.40507 
          14.5      1.40332 
       14.5827      1.39862 
       14.6135      1.39687 
       14.6729      1.39349 
         14.75       1.3891 
       14.7884      1.38707 
       14.8196      1.38543 
       14.8799      1.38224 
       14.9971      1.37606 
            15       1.3759 
       15.0287      1.37439 
       15.0899      1.37118 
       15.2116      1.36479 
       15.2407      1.36326 
          15.3      1.36015 
       15.3028      1.36002 
       15.4262      1.35421 
       15.4558      1.35282 
          15.5      1.35073 
       15.5187      1.34985 
       15.6738      1.34249 
         15.68       1.3422 
       15.7187      1.34037 
       15.8949      1.33201 
       15.9012      1.33171 
       15.9404      1.32985 
            16      1.32703 
       16.1192      1.32162 
       16.1256      1.32133 
       16.2257      1.31679 
       16.3466      1.31131 
       16.3531      1.31101 
       16.4546       1.3064 
          16.5      1.30435 
       16.5838      1.30093 
          16.6      1.30027 
       16.6868      1.29613 
       16.7328      1.29393 
       16.8177      1.28987 
       16.9222      1.28489 
       16.9689      1.28266 
            17      1.28117 
        17.055      1.27855 
        17.161      1.27349 
       17.2083      1.27123 
         17.25      1.26924 
       17.2956      1.26733 
       17.4031      1.26283 
       17.4934      1.25904 
          17.5      1.25877 
       17.5396      1.25705 
       17.6486      1.25232 
       17.7402      1.24835 
       17.7871      1.24631 
       17.8976      1.24152 
       17.9904      1.23749 
            18      1.23707 
        18.038      1.23542 
       18.2443      1.22648 
       18.2539      1.22606 
       18.2925      1.22438 
          18.4      1.21972 
          18.5      1.21529 
       18.5506      1.21323 
        18.761      1.20464 
       18.8123      1.20255 
            19      1.19489 
       19.0257      1.19397 
       19.0777      1.19211 
         19.25      1.18596 
       19.2681       1.1854 
       19.3469      1.18297 
          19.5      1.17825 
       19.5216      1.17769 
       19.5399      1.17722 
       19.6198      1.17517 
        19.797      1.17062 
          19.8      1.17055 
       19.8156      1.17003 
       19.8966      1.16734 
          19.9      1.16722 
            20       1.1625 
//
#-------------------------------------------------------------------------------
